-378.893797908482780 
 696.264514223237820 
 -50.107620609551667 
 0.0000279633985160355260 
-0.0000933619041204738980 
-0.0000489425640422359050 
1.0000420993849679 
-931424.056340550190 
6296264.810979354200 
 399489.010918595190 
   0.054866218631594 
   0.054866218631594 
   0.054866218631594 
 0.0000181407704737811420 
 0.0000104952219003988550 
 0.0000139746006094930880 
0.0000101433827281 
0.2124959510295371 
   1.000041657912477 
   0.000099488068760 
 265.239279045615320 
 -50.403729771097119 
 435160.190623333440 
 399590.211729999980 
   0.000012260332490 
   0.000012260332490 
   0.066314542567004 
   0.066314542567004 
0.2567551202188225 
   1.000041657912477 
   0.000099488068760 
 286.865872371534350 
-110.343070804316080 
0.2567551202183746 
   1.000038328049838 
   0.000097354009599 
  -0.000000006529041 
   0.000000005222819 
 265.349667872353730 
 -50.369046153709341 
 435160.190623333440 
 399590.211729999980 
   0.000007736006214 
   0.000007736006214 
   0.000000001326356 
   0.000000001326356 
   0.045565946757942 
   0.045565946757942 
0.1614732722543931 
